11,5
A:1,1;2,1;2,2;2,3
B:1,1;1,2;2,1;2,2;2,3
C:1,1;1,2;1,3;1,4;2,1
D:1,1;1,2;1,3;1,4;2,3
E:1,1;1,2;2,2;2,3;2,4
F:1,1;1,2;2,2
G:1,1;1,2;1,3;2,3;3,3
H:1,1;1,2;2,2;2,3;3,3
I:1,1;2,1;3,1;1,2;3,2
J:1,1;1,2;1,3;1,4
K:1,1;1,2;2,1;2,2
L:1,2;2,1;2,2;2,3;3,2
13:B,1,1,rol;I,4,1,rol;L,5,1;D,7,1,flip,ror;A,3,2,ror,ror;H,6,2,rol;K,1,3;F,8,3,rol;J,1,5,rol;C,5,4,rol
161:E,3,4,ror;H,1,1,ror,ror;B,3,1,rol,flip;G,4,1,rol;D,1,2,flip;A,2,4,rol
162:I,1,1,rol;J,3,1,ror;B,2,2,flip,rol;A,4,2,flip;F,1,4,flip;D,2,4,rol,flip
999:B,1,1,rol